Events with <=2000 hits
2
7
9
10
11
12
18
19
27
31
32
36
43
44
45
47
51
56

Events with 1000 <= hits <= 2000
7
9
12
44
51

Events | Hits
0 9590
1 3301
2 110
3 7633
4 7795
5 2597
6 12381
7 1219
8 2218
9 1511
10 153
11 155
12 1395
13 12241
14 3804
15 6159
16 8366
17 17627
18 479
19 458
20 4874
21 14280
22 2105
23 11882
24 12645
25 6267
26 4436
27 464
28 13614
29 3922
30 15876
31 190
32 172
33 13566
34 3309
35 16078
36 917
37 12265
38 7606
39 6577
40 3819
41 11051
42 9641
43 442
44 1458
45 701
46 9652
47 504
48 9315
49 12091
50 6765
51 1377
52 5536
53 5827
54 3341
55 4944
